 31999
 31988
 31974
 31949
 31916
 31871
 31819
 31756
 31681
 31600
 31508
 31407
 31294
 31176
 31043
 30906
 30754
 30598
 30431
 30251
 30062
 29868
 29661
 29453
 29230
 29000
 28757
 28508
 28251
 27984
 27708
 27424
 27136
 26831
 26525
 26208
 25886
 25550
 25212
 24864
 24508
 24146
 23776
 23401
 23016
 22623
 22223
 21817
 21411
 20991
 20564
 20136
 19697
 19258
 18804
 18352
 17889
 17429
 16955
 16480
 15999
 15514
 15020
 14525
 14028
 13519
 13011
 12498
 11987
 11466
 10945
 10416
  9885
  9352
  8821
  8280
  7741
  7197
  6655
  6105
  5556
  5005
  4455
  3902
  3346
  2792
  2234
  1676
  1120
   562
     2
  -561
 -1119
 -1675
 -2233
 -2791
 -3345
 -3901
 -4454
 -5004
 -5555
 -6104
 -6654
 -7196
 -7740
 -8279
 -8820
 -9352
 -9883
-10417
-10946
-11467
-11988
-12499
-13012
-13520
-14029
-14526
-15021
-15515
-16000
-16481
-16956
-17430
-17890
-18353
-18805
-19259
-19698
-20137
-20566
-20992
-21412
-21818
-22224
-22623
-23016
-23401
-23776
-24146
-24508
-24864
-25212
-25550
-25886
-26208
-26525
-26831
-27135
-27425
-27708
-27984
-28251
-28508
-28757
-29000
-29230
-29453
-29661
-29868
-30062
-30251
-30431
-30598
-30754
-30906
-31043
-31176
-31294
-31407
-31508
-31600
-31681
-31756
-31819
-31871
-31916
-31949
-31974
-31988
-31994
-31988
-31974
-31949
-31916
-31871
-31819
-31756
-31681
-31600
-31508
-31407
-31294
-31176
-31043
-30906
-30754
-30598
-30431
-30251
-30062
-29868
-29661
-29453
-29230
-29000
-28757
-28508
-28251
-27984
-27708
-27424
-27136
-26831
-26525
-26208
-25886
-25550
-25212
-24864
-24508
-24146
-23776
-23401
-23016
-22623
-22223
-21817
-21411
-20991
-20564
-20136
-19697
-19258
-18804
-18352
-17889
-17429
-16955
-16480
-15999
-15514
-15020
-14525
-14028
-13519
-13011
-12498
-11987
-11466
-10945
-10416
 -9885
 -9352
 -8821
 -8280
 -7741
 -7197
 -6655
 -6105
 -5556
 -5005
 -4455
 -3902
 -3346
 -2792
 -2234
 -1676
 -1120
  -562
     2
   558
  1116
  1676
  2232
  2788
  3344
  3900
  4451
  5003
  5554
  6105
  6649
  7197
  7739
  8282
  8815
  9354
  9889
 10414
 10937
 11462
 11979
 12500
 13013
 13521
 14028
 14527
 15022
 15512
 15999
 16480
 16957
 17423
 17893
 18354
 18810
 19256
 19699
 20138
 20564
 20991
 21411
 21823
 22227
 22622
 23012
 23395
 23776
 24146
 24508
 24862
 25210
 25552
 25880
 26206
 26521
 26837
 27134
 27424
 27708
 27986
 28249
 28506
 28757
 28998
 29228
 29451
 29669
 29872
 30070
 30253
 30427
 30596
 30760
 30904
 31045
 31176
 31300
 31407
 31510
 31602
 31685
 31758
 31821
 31875
 31918
 31949
 31978
 31992
