     1
   562
  1120
  1676
  2234
  2792
  3346
  3902
  4455
  5005
  5556
  6105
  6655
  7197
  7741
  8280
  8821
  9352
  9885
 10416
 10945
 11466
 11987
 12498
 13011
 13519
 14028
 14525
 15020
 15514
 15999
 16480
 16955
 17429
 17889
 18352
 18804
 19258
 19697
 20136
 20564
 20991
 21411
 21817
 22223
 22622
 23016
 23401
 23776
 24146
 24508
 24864
 25212
 25550
 25886
 26208
 26525
 26831
 27136
 27424
 27708
 27984
 28251
 28508
 28757
 29000
 29230
 29453
 29661
 29868
 30062
 30251
 30431
 30598
 30754
 30906
 31043
 31176
 31294
 31407
 31508
 31600
 31681
 31756
 31819
 31871
 31916
 31949
 31974
 31988
 31994
 31992
 31978
 31949
 31918
 31875
 31821
 31758
 31685
 31602
 31510
 31407
 31300
 31176
 31045
 30904
 30760
 30596
 30427
 30253
 30070
 29872
 29669
 29451
 29228
 28998
 28757
 28506
 28249
 27986
 27708
 27424
 27134
 26837
 26521
 26206
 25880
 25552
 25210
 24862
 24508
 24146
 23776
 23395
 23012
 22623
 22227
 21823
 21411
 20991
 20564
 20138
 19699
 19256
 18810
 18354
 17893
 17423
 16957
 16480
 15999
 15512
 15022
 14527
 14028
 13521
 13013
 12500
 11979
 11462
 10937
 10414
  9889
  9354
  8815
  8282
  7739
  7197
  6649
  6105
  5554
  5003
  4451
  3900
  3344
  2788
  2232
  1676
  1116
   558
     2
  -562
 -1120
 -1676
 -2234
 -2792
 -3346
 -3902
 -4455
 -5005
 -5556
 -6105
 -6655
 -7197
 -7741
 -8280
 -8821
 -9352
 -9885
-10416
-10945
-11466
-11987
-12498
-13011
-13519
-14028
-14525
-15020
-15514
-15999
-16480
-16955
-17429
-17889
-18352
-18804
-19258
-19697
-20136
-20564
-20991
-21411
-21817
-22223
-22622
-23016
-23401
-23776
-24146
-24508
-24864
-25212
-25550
-25886
-26208
-26525
-26831
-27136
-27424
-27708
-27984
-28251
-28508
-28757
-29000
-29230
-29453
-29661
-29868
-30062
-30251
-30431
-30598
-30754
-30906
-31043
-31176
-31294
-31407
-31508
-31600
-31681
-31756
-31819
-31871
-31916
-31949
-31974
-31988
-31995
-31988
-31974
-31949
-31916
-31871
-31819
-31756
-31681
-31600
-31508
-31407
-31294
-31176
-31043
-30906
-30754
-30598
-30431
-30251
-30062
-29868
-29661
-29453
-29230
-29000
-28757
-28508
-28251
-27984
-27708
-27425
-27135
-26831
-26525
-26208
-25886
-25550
-25212
-24864
-24508
-24146
-23776
-23401
-23016
-22624
-22224
-21818
-21412
-20992
-20566
-20137
-19698
-19259
-18805
-18353
-17890
-17430
-16956
-16481
-16000
-15515
-15021
-14526
-14029
-13520
-13012
-12499
-11988
-11467
-10946
-10417
 -9883
 -9352
 -8820
 -8279
 -7740
 -7196
 -6654
 -6104
 -5555
 -5004
 -4454
 -3901
 -3345
 -2791
 -2233
 -1675
 -1119
  -561
